"XXZ Test: mDim = 25, nBLOCK = 1, {20}"
25  =  mDIM
1  =  nBLOCK
20  = bLOCKsTRUCT
{0, 1, 0, 0, 0, 0, 0, 1, 0, 0, 0, 0, 0, 1, 0, 0, 0, 0, 0, 1, 0, 0, 0, 0, 0 }
{{-0, -0, -0, -0, -0, -0, -0, -0, -0, -0, 0, 0, 0, 0, 0, 0, 0, 0, 0, 0}, 
{-0, -0, -0, -0, -0, -0, -0, -0, -0, -0, 0, 0, 0, 0, 0, 0, 0, 0, 0, 0}, 
{-0, -0, -0, -0, -0, -0, -0, -0, -0, -0, 0, 0, 0, 0, 0, 0, 0, 0, 0, 0}, 
{-0, -0, -0, -0, -0, -0, -0, -0, -0, -0, 0, 0, 0, 0, 0, 0, 0, 0, 0, 0}, 
{-0, -0, -0, -0, -0, -0, -0, -0, -0, -0, 0, 0, 0, 0, 0, 0, 0, 0, 0, 0}, 
{-0, -0, -0, -0, -0, -1, -0, -0, -0, -0, 0, 0, 0, 0, 0, 0, 0, 0, 0, 0}, 
{-0, -0, -0, -0, -0, -0, -1, -0, -0, -0, 0, 0, 0, 0, 0, 0, 0, 0, 0, 0}, 
{-0, -0, -0, -0, -0, -0, -0, -1, -0, -0, 0, 0, 0, 0, 0, 0, 0, 0, 0, 0}, 
{-0, -0, -0, -0, -0, -0, -0, -0, -1, -0, 0, 0, 0, 0, 0, 0, 0, 0, 0, 0}, 
{-0, -0, -0, -0, -0, -0, -0, -0, -0, -1, 0, 0, 0, 0, 0, 0, 0, 0, 0, 0}, 
{-0, -0, -0, -0, -0, -0, -0, -0, -0, -0, -0, -0, -0, -0, -0, -0, -0, -0, -0, -0}, 
{-0, -0, -0, -0, -0, -0, -0, -0, -0, -0, -0, -0, -0, -0, -0, -0, -0, -0, -0, -0}, 
{-0, -0, -0, -0, -0, -0, -0, -0, -0, -0, -0, -0, -0, -0, -0, -0, -0, -0, -0, -0}, 
{-0, -0, -0, -0, -0, -0, -0, -0, -0, -0, -0, -0, -0, -0, -0, -0, -0, -0, -0, -0}, 
{-0, -0, -0, -0, -0, -0, -0, -0, -0, -0, -0, -0, -0, -0, -0, -0, -0, -0, -0, -0}, 
{-0, -0, -0, -0, -0, -0, -0, -0, -0, -0, -0, -0, -0, -0, -0, -1, -0, -0, -0, -0}, 
{-0, -0, -0, -0, -0, -0, -0, -0, -0, -0, -0, -0, -0, -0, -0, -0, -1, -0, -0, -0}, 
{-0, -0, -0, -0, -0, -0, -0, -0, -0, -0, -0, -0, -0, -0, -0, -0, -0, -1, -0, -0}, 
{-0, -0, -0, -0, -0, -0, -0, -0, -0, -0, -0, -0, -0, -0, -0, -0, -0, -0, -1, -0}, 
{-0, -0, -0, -0, -0, -0, -0, -0, -0, -0, -0, -0, -0, -0, -0, -0, -0, -0, -0, -1} }
{{1, 0, 0, 0, 0, 0, 0, 0, 0, 0, -0, -0, -0, -0, -0, -0, -0, -0, -0, -0}, 
{0, 0, 0, 0, 0, 0, 0, 0, 0, 0, -0, -0, -0, -0, -0, -0, -0, -0, -0, -0}, 
{0, 0, 0, 0, 0, 0, 0, 0, 0, 0, -0, -0, -0, -0, -0, -0, -0, -0, -0, -0}, 
{0, 0, 0, 0, 0, 0, 0, 0, 0, 0, -0, -0, -0, -0, -0, -0, -0, -0, -0, -0}, 
{0, 0, 0, 0, 0, 0, 0, 0, 0, 0, -0, -0, -0, -0, -0, -0, -0, -0, -0, -0}, 
{0, 0, 0, 0, 0, -1, 0, 0, 0, 0, -0, -0, -0, -0, -0, -0, -0, -0, -0, -0}, 
{0, 0, 0, 0, 0, 0, 0, 0, 0, 0, -0, -0, -0, -0, -0, -0, -0, -0, -0, -0}, 
{0, 0, 0, 0, 0, 0, 0, 0, 0, 0, -0, -0, -0, -0, -0, -0, -0, -0, -0, -0}, 
{0, 0, 0, 0, 0, 0, 0, 0, 0, 0, -0, -0, -0, -0, -0, -0, -0, -0, -0, -0}, 
{0, 0, 0, 0, 0, 0, 0, 0, 0, 0, -0, -0, -0, -0, -0, -0, -0, -0, -0, -0}, 
{0, 0, 0, 0, 0, 0, 0, 0, 0, 0, 1, 0, 0, 0, 0, 0, 0, 0, 0, 0}, 
{0, 0, 0, 0, 0, 0, 0, 0, 0, 0, 0, 0, 0, 0, 0, 0, 0, 0, 0, 0}, 
{0, 0, 0, 0, 0, 0, 0, 0, 0, 0, 0, 0, 0, 0, 0, 0, 0, 0, 0, 0}, 
{0, 0, 0, 0, 0, 0, 0, 0, 0, 0, 0, 0, 0, 0, 0, 0, 0, 0, 0, 0}, 
{0, 0, 0, 0, 0, 0, 0, 0, 0, 0, 0, 0, 0, 0, 0, 0, 0, 0, 0, 0}, 
{0, 0, 0, 0, 0, 0, 0, 0, 0, 0, 0, 0, 0, 0, 0, -1, 0, 0, 0, 0}, 
{0, 0, 0, 0, 0, 0, 0, 0, 0, 0, 0, 0, 0, 0, 0, 0, 0, 0, 0, 0}, 
{0, 0, 0, 0, 0, 0, 0, 0, 0, 0, 0, 0, 0, 0, 0, 0, 0, 0, 0, 0}, 
{0, 0, 0, 0, 0, 0, 0, 0, 0, 0, 0, 0, 0, 0, 0, 0, 0, 0, 0, 0}, 
{0, 0, 0, 0, 0, 0, 0, 0, 0, 0, 0, 0, 0, 0, 0, 0, 0, 0, 0, 0} }
{{0, 1, 0, 0, 0, 0, 0, 0, 0, 0, -0, -0, -0, -0, -0, -0, -0, -0, -0, -0}, 
{1, 0, 0, 0, 0, 0, 0, 0, 0, 0, -0, -0, -0, -0, -0, -0, -0, -0, -0, -0}, 
{0, 0, 0, 0, 0, 0, 0, 0, 0, 0, -0, -0, -0, -0, -0, -0, -0, -0, -0, -0}, 
{0, 0, 0, 0, 0, 0, 0, 0, 0, 0, -0, -0, -0, -0, -0, -0, -0, -0, -0, -0}, 
{0, 0, 0, 0, 0, 0, 0, 0, 0, 0, -0, -0, -0, -0, -0, -0, -0, -0, -0, -0}, 
{0, 0, 0, 0, 0, 0, 1, 0, 0, 0, -0, -0, -0, -0, -0, -0, -0, -0, -0, -0}, 
{0, 0, 0, 0, 0, 1, 0, 0, 0, 0, -0, -0, -0, -0, -0, -0, -0, -0, -0, -0}, 
{0, 0, 0, 0, 0, 0, 0, 0, 0, 0, -0, -0, -0, -0, -0, -0, -0, -0, -0, -0}, 
{0, 0, 0, 0, 0, 0, 0, 0, 0, 0, -0, -0, -0, -0, -0, -0, -0, -0, -0, -0}, 
{0, 0, 0, 0, 0, 0, 0, 0, 0, 0, -0, -0, -0, -0, -0, -0, -0, -0, -0, -0}, 
{0, 0, 0, 0, 0, 0, 0, 0, 0, 0, 0, 1, 0, 0, 0, 0, 0, 0, 0, 0}, 
{0, 0, 0, 0, 0, 0, 0, 0, 0, 0, 1, 0, 0, 0, 0, 0, 0, 0, 0, 0}, 
{0, 0, 0, 0, 0, 0, 0, 0, 0, 0, 0, 0, 0, 0, 0, 0, 0, 0, 0, 0}, 
{0, 0, 0, 0, 0, 0, 0, 0, 0, 0, 0, 0, 0, 0, 0, 0, 0, 0, 0, 0}, 
{0, 0, 0, 0, 0, 0, 0, 0, 0, 0, 0, 0, 0, 0, 0, 0, 0, 0, 0, 0}, 
{0, 0, 0, 0, 0, 0, 0, 0, 0, 0, 0, 0, 0, 0, 0, 0, 1, 0, 0, 0}, 
{0, 0, 0, 0, 0, 0, 0, 0, 0, 0, 0, 0, 0, 0, 0, 1, 0, 0, 0, 0}, 
{0, 0, 0, 0, 0, 0, 0, 0, 0, 0, 0, 0, 0, 0, 0, 0, 0, 0, 0, 0}, 
{0, 0, 0, 0, 0, 0, 0, 0, 0, 0, 0, 0, 0, 0, 0, 0, 0, 0, 0, 0}, 
{0, 0, 0, 0, 0, 0, 0, 0, 0, 0, 0, 0, 0, 0, 0, 0, 0, 0, 0, 0} }
{{0, 0, 1, 0, 0, 0, 0, 0, 0, 0, -0, -0, -0, -0, -0, -0, -0, -0, -0, -0}, 
{0, 0, 0, 0, 0, 0, 0, 0, 0, 0, -0, -0, -0, -0, -0, -0, -0, -0, -0, -0}, 
{1, 0, 0, 0, 0, 0, 0, 0, 0, 0, -0, -0, -0, -0, -0, -0, -0, -0, -0, -0}, 
{0, 0, 0, 0, 0, 0, 0, 0, 0, 0, -0, -0, -0, -0, -0, -0, -0, -0, -0, -0}, 
{0, 0, 0, 0, 0, 0, 0, 0, 0, 0, -0, -0, -0, -0, -0, -0, -0, -0, -0, -0}, 
{0, 0, 0, 0, 0, 0, 0, 1, 0, 0, -0, -0, -0, -0, -0, -0, -0, -0, -0, -0}, 
{0, 0, 0, 0, 0, 0, 0, 0, 0, 0, -0, -0, -0, -0, -0, -0, -0, -0, -0, -0}, 
{0, 0, 0, 0, 0, 1, 0, 0, 0, 0, -0, -0, -0, -0, -0, -0, -0, -0, -0, -0}, 
{0, 0, 0, 0, 0, 0, 0, 0, 0, 0, -0, -0, -0, -0, -0, -0, -0, -0, -0, -0}, 
{0, 0, 0, 0, 0, 0, 0, 0, 0, 0, -0, -0, -0, -0, -0, -0, -0, -0, -0, -0}, 
{0, 0, 0, 0, 0, 0, 0, 0, 0, 0, 0, 0, 1, 0, 0, 0, 0, 0, 0, 0}, 
{0, 0, 0, 0, 0, 0, 0, 0, 0, 0, 0, 0, 0, 0, 0, 0, 0, 0, 0, 0}, 
{0, 0, 0, 0, 0, 0, 0, 0, 0, 0, 1, 0, 0, 0, 0, 0, 0, 0, 0, 0}, 
{0, 0, 0, 0, 0, 0, 0, 0, 0, 0, 0, 0, 0, 0, 0, 0, 0, 0, 0, 0}, 
{0, 0, 0, 0, 0, 0, 0, 0, 0, 0, 0, 0, 0, 0, 0, 0, 0, 0, 0, 0}, 
{0, 0, 0, 0, 0, 0, 0, 0, 0, 0, 0, 0, 0, 0, 0, 0, 0, 1, 0, 0}, 
{0, 0, 0, 0, 0, 0, 0, 0, 0, 0, 0, 0, 0, 0, 0, 0, 0, 0, 0, 0}, 
{0, 0, 0, 0, 0, 0, 0, 0, 0, 0, 0, 0, 0, 0, 0, 1, 0, 0, 0, 0}, 
{0, 0, 0, 0, 0, 0, 0, 0, 0, 0, 0, 0, 0, 0, 0, 0, 0, 0, 0, 0}, 
{0, 0, 0, 0, 0, 0, 0, 0, 0, 0, 0, 0, 0, 0, 0, 0, 0, 0, 0, 0} }
{{0, 0, 0, 1, 0, 0, 0, 0, 0, 0, -0, -0, -0, -0, -0, -0, -0, -0, -0, -0}, 
{0, 0, 0, 0, 0, 0, 0, 0, 0, 0, -0, -0, -0, -0, -0, -0, -0, -0, -0, -0}, 
{0, 0, 0, 0, 0, 0, 0, 0, 0, 0, -0, -0, -0, -0, -0, -0, -0, -0, -0, -0}, 
{1, 0, 0, 0, 0, 0, 0, 0, 0, 0, -0, -0, -0, -0, -0, -0, -0, -0, -0, -0}, 
{0, 0, 0, 0, 0, 0, 0, 0, 0, 0, -0, -0, -0, -0, -0, -0, -0, -0, -0, -0}, 
{0, 0, 0, 0, 0, 0, 0, 0, 1, 0, -0, -0, -0, -0, -0, -0, -0, -0, -0, -0}, 
{0, 0, 0, 0, 0, 0, 0, 0, 0, 0, -0, -0, -0, -0, -0, -0, -0, -0, -0, -0}, 
{0, 0, 0, 0, 0, 0, 0, 0, 0, 0, -0, -0, -0, -0, -0, -0, -0, -0, -0, -0}, 
{0, 0, 0, 0, 0, 1, 0, 0, 0, 0, -0, -0, -0, -0, -0, -0, -0, -0, -0, -0}, 
{0, 0, 0, 0, 0, 0, 0, 0, 0, 0, -0, -0, -0, -0, -0, -0, -0, -0, -0, -0}, 
{0, 0, 0, 0, 0, 0, 0, 0, 0, 0, 0, 0, 0, 1, 0, 0, 0, 0, 0, 0}, 
{0, 0, 0, 0, 0, 0, 0, 0, 0, 0, 0, 0, 0, 0, 0, 0, 0, 0, 0, 0}, 
{0, 0, 0, 0, 0, 0, 0, 0, 0, 0, 0, 0, 0, 0, 0, 0, 0, 0, 0, 0}, 
{0, 0, 0, 0, 0, 0, 0, 0, 0, 0, 1, 0, 0, 0, 0, 0, 0, 0, 0, 0}, 
{0, 0, 0, 0, 0, 0, 0, 0, 0, 0, 0, 0, 0, 0, 0, 0, 0, 0, 0, 0}, 
{0, 0, 0, 0, 0, 0, 0, 0, 0, 0, 0, 0, 0, 0, 0, 0, 0, 0, 1, 0}, 
{0, 0, 0, 0, 0, 0, 0, 0, 0, 0, 0, 0, 0, 0, 0, 0, 0, 0, 0, 0}, 
{0, 0, 0, 0, 0, 0, 0, 0, 0, 0, 0, 0, 0, 0, 0, 0, 0, 0, 0, 0}, 
{0, 0, 0, 0, 0, 0, 0, 0, 0, 0, 0, 0, 0, 0, 0, 1, 0, 0, 0, 0}, 
{0, 0, 0, 0, 0, 0, 0, 0, 0, 0, 0, 0, 0, 0, 0, 0, 0, 0, 0, 0} }
{{0, 0, 0, 0, 1, 0, 0, 0, 0, 0, -0, -0, -0, -0, -0, -0, -0, -0, -0, -0}, 
{0, 0, 0, 0, 0, 0, 0, 0, 0, 0, -0, -0, -0, -0, -0, -0, -0, -0, -0, -0}, 
{0, 0, 0, 0, 0, 0, 0, 0, 0, 0, -0, -0, -0, -0, -0, -0, -0, -0, -0, -0}, 
{0, 0, 0, 0, 0, 0, 0, 0, 0, 0, -0, -0, -0, -0, -0, -0, -0, -0, -0, -0}, 
{1, 0, 0, 0, 0, 0, 0, 0, 0, 0, -0, -0, -0, -0, -0, -0, -0, -0, -0, -0}, 
{0, 0, 0, 0, 0, 0, 0, 0, 0, 1, -0, -0, -0, -0, -0, -0, -0, -0, -0, -0}, 
{0, 0, 0, 0, 0, 0, 0, 0, 0, 0, -0, -0, -0, -0, -0, -0, -0, -0, -0, -0}, 
{0, 0, 0, 0, 0, 0, 0, 0, 0, 0, -0, -0, -0, -0, -0, -0, -0, -0, -0, -0}, 
{0, 0, 0, 0, 0, 0, 0, 0, 0, 0, -0, -0, -0, -0, -0, -0, -0, -0, -0, -0}, 
{0, 0, 0, 0, 0, 1, 0, 0, 0, 0, -0, -0, -0, -0, -0, -0, -0, -0, -0, -0}, 
{0, 0, 0, 0, 0, 0, 0, 0, 0, 0, 0, 0, 0, 0, 1, 0, 0, 0, 0, 0}, 
{0, 0, 0, 0, 0, 0, 0, 0, 0, 0, 0, 0, 0, 0, 0, 0, 0, 0, 0, 0}, 
{0, 0, 0, 0, 0, 0, 0, 0, 0, 0, 0, 0, 0, 0, 0, 0, 0, 0, 0, 0}, 
{0, 0, 0, 0, 0, 0, 0, 0, 0, 0, 0, 0, 0, 0, 0, 0, 0, 0, 0, 0}, 
{0, 0, 0, 0, 0, 0, 0, 0, 0, 0, 1, 0, 0, 0, 0, 0, 0, 0, 0, 0}, 
{0, 0, 0, 0, 0, 0, 0, 0, 0, 0, 0, 0, 0, 0, 0, 0, 0, 0, 0, 1}, 
{0, 0, 0, 0, 0, 0, 0, 0, 0, 0, 0, 0, 0, 0, 0, 0, 0, 0, 0, 0}, 
{0, 0, 0, 0, 0, 0, 0, 0, 0, 0, 0, 0, 0, 0, 0, 0, 0, 0, 0, 0}, 
{0, 0, 0, 0, 0, 0, 0, 0, 0, 0, 0, 0, 0, 0, 0, 0, 0, 0, 0, 0}, 
{0, 0, 0, 0, 0, 0, 0, 0, 0, 0, 0, 0, 0, 0, 0, 1, 0, 0, 0, 0} }
{{0, 0, 0, 0, 0, 0, 0, 0, 0, 0, -0, -1, -0, -0, -0, -0, -0, -0, -0, -0}, 
{-0, 0, 0, 0, 0, 0, 0, 0, 0, 0, 1, -0, -0, -0, -0, -0, -0, -0, -0, -0}, 
{0, 0, 0, 0, 0, 0, 0, 0, 0, 0, -0, -0, -0, -0, -0, -0, -0, -0, -0, -0}, 
{0, 0, 0, 0, 0, 0, 0, 0, 0, 0, -0, -0, -0, -0, -0, -0, -0, -0, -0, -0}, 
{0, 0, 0, 0, 0, 0, 0, 0, 0, 0, -0, -0, -0, -0, -0, -0, -0, -0, -0, -0}, 
{0, 0, 0, 0, 0, 0, -0, 0, 0, 0, -0, -0, -0, -0, -0, -0, 1, -0, -0, -0}, 
{0, 0, 0, 0, 0, 0, 0, 0, 0, 0, -0, -0, -0, -0, -0, -1, -0, -0, -0, -0}, 
{0, 0, 0, 0, 0, 0, 0, 0, 0, 0, -0, -0, -0, -0, -0, -0, -0, -0, -0, -0}, 
{0, 0, 0, 0, 0, 0, 0, 0, 0, 0, -0, -0, -0, -0, -0, -0, -0, -0, -0, -0}, 
{0, 0, 0, 0, 0, 0, 0, 0, 0, 0, -0, -0, -0, -0, -0, -0, -0, -0, -0, -0}, 
{0, 1, 0, 0, 0, 0, 0, 0, 0, 0, 0, 0, 0, 0, 0, 0, 0, 0, 0, 0}, 
{-1, 0, 0, 0, 0, 0, 0, 0, 0, 0, -0, 0, 0, 0, 0, 0, 0, 0, 0, 0}, 
{0, 0, 0, 0, 0, 0, 0, 0, 0, 0, 0, 0, 0, 0, 0, 0, 0, 0, 0, 0}, 
{0, 0, 0, 0, 0, 0, 0, 0, 0, 0, 0, 0, 0, 0, 0, 0, 0, 0, 0, 0}, 
{0, 0, 0, 0, 0, 0, 0, 0, 0, 0, 0, 0, 0, 0, 0, 0, 0, 0, 0, 0}, 
{0, 0, 0, 0, 0, 0, -1, 0, 0, 0, 0, 0, 0, 0, 0, 0, -0, 0, 0, 0}, 
{0, 0, 0, 0, 0, 1, 0, 0, 0, 0, 0, 0, 0, 0, 0, 0, 0, 0, 0, 0}, 
{0, 0, 0, 0, 0, 0, 0, 0, 0, 0, 0, 0, 0, 0, 0, 0, 0, 0, 0, 0}, 
{0, 0, 0, 0, 0, 0, 0, 0, 0, 0, 0, 0, 0, 0, 0, 0, 0, 0, 0, 0}, 
{0, 0, 0, 0, 0, 0, 0, 0, 0, 0, 0, 0, 0, 0, 0, 0, 0, 0, 0, 0} }
{{0, 0, 0, 0, 0, 0, 0, 0, 0, 0, -0, -0, -0, -0, -0, -0, -0, -0, -0, -0}, 
{0, 1, 0, 0, 0, 0, 0, 0, 0, 0, -0, -0, -0, -0, -0, -0, -0, -0, -0, -0}, 
{0, 0, 0, 0, 0, 0, 0, 0, 0, 0, -0, -0, -0, -0, -0, -0, -0, -0, -0, -0}, 
{0, 0, 0, 0, 0, 0, 0, 0, 0, 0, -0, -0, -0, -0, -0, -0, -0, -0, -0, -0}, 
{0, 0, 0, 0, 0, 0, 0, 0, 0, 0, -0, -0, -0, -0, -0, -0, -0, -0, -0, -0}, 
{0, 0, 0, 0, 0, 0, 0, 0, 0, 0, -0, -0, -0, -0, -0, -0, -0, -0, -0, -0}, 
{0, 0, 0, 0, 0, 0, -1, 0, 0, 0, -0, -0, -0, -0, -0, -0, -0, -0, -0, -0}, 
{0, 0, 0, 0, 0, 0, 0, 0, 0, 0, -0, -0, -0, -0, -0, -0, -0, -0, -0, -0}, 
{0, 0, 0, 0, 0, 0, 0, 0, 0, 0, -0, -0, -0, -0, -0, -0, -0, -0, -0, -0}, 
{0, 0, 0, 0, 0, 0, 0, 0, 0, 0, -0, -0, -0, -0, -0, -0, -0, -0, -0, -0}, 
{0, 0, 0, 0, 0, 0, 0, 0, 0, 0, 0, 0, 0, 0, 0, 0, 0, 0, 0, 0}, 
{0, 0, 0, 0, 0, 0, 0, 0, 0, 0, 0, 1, 0, 0, 0, 0, 0, 0, 0, 0}, 
{0, 0, 0, 0, 0, 0, 0, 0, 0, 0, 0, 0, 0, 0, 0, 0, 0, 0, 0, 0}, 
{0, 0, 0, 0, 0, 0, 0, 0, 0, 0, 0, 0, 0, 0, 0, 0, 0, 0, 0, 0}, 
{0, 0, 0, 0, 0, 0, 0, 0, 0, 0, 0, 0, 0, 0, 0, 0, 0, 0, 0, 0}, 
{0, 0, 0, 0, 0, 0, 0, 0, 0, 0, 0, 0, 0, 0, 0, 0, 0, 0, 0, 0}, 
{0, 0, 0, 0, 0, 0, 0, 0, 0, 0, 0, 0, 0, 0, 0, 0, -1, 0, 0, 0}, 
{0, 0, 0, 0, 0, 0, 0, 0, 0, 0, 0, 0, 0, 0, 0, 0, 0, 0, 0, 0}, 
{0, 0, 0, 0, 0, 0, 0, 0, 0, 0, 0, 0, 0, 0, 0, 0, 0, 0, 0, 0}, 
{0, 0, 0, 0, 0, 0, 0, 0, 0, 0, 0, 0, 0, 0, 0, 0, 0, 0, 0, 0} }
{{0, 0, 0, 0, 0, 0, 0, 0, 0, 0, -0, -0, -0, -0, -0, -0, -0, -0, -0, -0}, 
{0, 0, 1, 0, 0, 0, 0, 0, 0, 0, -0, -0, -0, -0, -0, -0, -0, -0, -0, -0}, 
{0, 1, 0, 0, 0, 0, 0, 0, 0, 0, -0, -0, -0, -0, -0, -0, -0, -0, -0, -0}, 
{0, 0, 0, 0, 0, 0, 0, 0, 0, 0, -0, -0, -0, -0, -0, -0, -0, -0, -0, -0}, 
{0, 0, 0, 0, 0, 0, 0, 0, 0, 0, -0, -0, -0, -0, -0, -0, -0, -0, -0, -0}, 
{0, 0, 0, 0, 0, 0, 0, 0, 0, 0, -0, -0, -0, -0, -0, -0, -0, -0, -0, -0}, 
{0, 0, 0, 0, 0, 0, 0, 1, 0, 0, -0, -0, -0, -0, -0, -0, -0, -0, -0, -0}, 
{0, 0, 0, 0, 0, 0, 1, 0, 0, 0, -0, -0, -0, -0, -0, -0, -0, -0, -0, -0}, 
{0, 0, 0, 0, 0, 0, 0, 0, 0, 0, -0, -0, -0, -0, -0, -0, -0, -0, -0, -0}, 
{0, 0, 0, 0, 0, 0, 0, 0, 0, 0, -0, -0, -0, -0, -0, -0, -0, -0, -0, -0}, 
{0, 0, 0, 0, 0, 0, 0, 0, 0, 0, 0, 0, 0, 0, 0, 0, 0, 0, 0, 0}, 
{0, 0, 0, 0, 0, 0, 0, 0, 0, 0, 0, 0, 1, 0, 0, 0, 0, 0, 0, 0}, 
{0, 0, 0, 0, 0, 0, 0, 0, 0, 0, 0, 1, 0, 0, 0, 0, 0, 0, 0, 0}, 
{0, 0, 0, 0, 0, 0, 0, 0, 0, 0, 0, 0, 0, 0, 0, 0, 0, 0, 0, 0}, 
{0, 0, 0, 0, 0, 0, 0, 0, 0, 0, 0, 0, 0, 0, 0, 0, 0, 0, 0, 0}, 
{0, 0, 0, 0, 0, 0, 0, 0, 0, 0, 0, 0, 0, 0, 0, 0, 0, 0, 0, 0}, 
{0, 0, 0, 0, 0, 0, 0, 0, 0, 0, 0, 0, 0, 0, 0, 0, 0, 1, 0, 0}, 
{0, 0, 0, 0, 0, 0, 0, 0, 0, 0, 0, 0, 0, 0, 0, 0, 1, 0, 0, 0}, 
{0, 0, 0, 0, 0, 0, 0, 0, 0, 0, 0, 0, 0, 0, 0, 0, 0, 0, 0, 0}, 
{0, 0, 0, 0, 0, 0, 0, 0, 0, 0, 0, 0, 0, 0, 0, 0, 0, 0, 0, 0} }
{{0, 0, 0, 0, 0, 0, 0, 0, 0, 0, -0, -0, -0, -0, -0, -0, -0, -0, -0, -0}, 
{0, 0, 0, 1, 0, 0, 0, 0, 0, 0, -0, -0, -0, -0, -0, -0, -0, -0, -0, -0}, 
{0, 0, 0, 0, 0, 0, 0, 0, 0, 0, -0, -0, -0, -0, -0, -0, -0, -0, -0, -0}, 
{0, 1, 0, 0, 0, 0, 0, 0, 0, 0, -0, -0, -0, -0, -0, -0, -0, -0, -0, -0}, 
{0, 0, 0, 0, 0, 0, 0, 0, 0, 0, -0, -0, -0, -0, -0, -0, -0, -0, -0, -0}, 
{0, 0, 0, 0, 0, 0, 0, 0, 0, 0, -0, -0, -0, -0, -0, -0, -0, -0, -0, -0}, 
{0, 0, 0, 0, 0, 0, 0, 0, 1, 0, -0, -0, -0, -0, -0, -0, -0, -0, -0, -0}, 
{0, 0, 0, 0, 0, 0, 0, 0, 0, 0, -0, -0, -0, -0, -0, -0, -0, -0, -0, -0}, 
{0, 0, 0, 0, 0, 0, 1, 0, 0, 0, -0, -0, -0, -0, -0, -0, -0, -0, -0, -0}, 
{0, 0, 0, 0, 0, 0, 0, 0, 0, 0, -0, -0, -0, -0, -0, -0, -0, -0, -0, -0}, 
{0, 0, 0, 0, 0, 0, 0, 0, 0, 0, 0, 0, 0, 0, 0, 0, 0, 0, 0, 0}, 
{0, 0, 0, 0, 0, 0, 0, 0, 0, 0, 0, 0, 0, 1, 0, 0, 0, 0, 0, 0}, 
{0, 0, 0, 0, 0, 0, 0, 0, 0, 0, 0, 0, 0, 0, 0, 0, 0, 0, 0, 0}, 
{0, 0, 0, 0, 0, 0, 0, 0, 0, 0, 0, 1, 0, 0, 0, 0, 0, 0, 0, 0}, 
{0, 0, 0, 0, 0, 0, 0, 0, 0, 0, 0, 0, 0, 0, 0, 0, 0, 0, 0, 0}, 
{0, 0, 0, 0, 0, 0, 0, 0, 0, 0, 0, 0, 0, 0, 0, 0, 0, 0, 0, 0}, 
{0, 0, 0, 0, 0, 0, 0, 0, 0, 0, 0, 0, 0, 0, 0, 0, 0, 0, 1, 0}, 
{0, 0, 0, 0, 0, 0, 0, 0, 0, 0, 0, 0, 0, 0, 0, 0, 0, 0, 0, 0}, 
{0, 0, 0, 0, 0, 0, 0, 0, 0, 0, 0, 0, 0, 0, 0, 0, 1, 0, 0, 0}, 
{0, 0, 0, 0, 0, 0, 0, 0, 0, 0, 0, 0, 0, 0, 0, 0, 0, 0, 0, 0} }
{{0, 0, 0, 0, 0, 0, 0, 0, 0, 0, -0, -0, -0, -0, -0, -0, -0, -0, -0, -0}, 
{0, 0, 0, 0, 1, 0, 0, 0, 0, 0, -0, -0, -0, -0, -0, -0, -0, -0, -0, -0}, 
{0, 0, 0, 0, 0, 0, 0, 0, 0, 0, -0, -0, -0, -0, -0, -0, -0, -0, -0, -0}, 
{0, 0, 0, 0, 0, 0, 0, 0, 0, 0, -0, -0, -0, -0, -0, -0, -0, -0, -0, -0}, 
{0, 1, 0, 0, 0, 0, 0, 0, 0, 0, -0, -0, -0, -0, -0, -0, -0, -0, -0, -0}, 
{0, 0, 0, 0, 0, 0, 0, 0, 0, 0, -0, -0, -0, -0, -0, -0, -0, -0, -0, -0}, 
{0, 0, 0, 0, 0, 0, 0, 0, 0, 1, -0, -0, -0, -0, -0, -0, -0, -0, -0, -0}, 
{0, 0, 0, 0, 0, 0, 0, 0, 0, 0, -0, -0, -0, -0, -0, -0, -0, -0, -0, -0}, 
{0, 0, 0, 0, 0, 0, 0, 0, 0, 0, -0, -0, -0, -0, -0, -0, -0, -0, -0, -0}, 
{0, 0, 0, 0, 0, 0, 1, 0, 0, 0, -0, -0, -0, -0, -0, -0, -0, -0, -0, -0}, 
{0, 0, 0, 0, 0, 0, 0, 0, 0, 0, 0, 0, 0, 0, 0, 0, 0, 0, 0, 0}, 
{0, 0, 0, 0, 0, 0, 0, 0, 0, 0, 0, 0, 0, 0, 1, 0, 0, 0, 0, 0}, 
{0, 0, 0, 0, 0, 0, 0, 0, 0, 0, 0, 0, 0, 0, 0, 0, 0, 0, 0, 0}, 
{0, 0, 0, 0, 0, 0, 0, 0, 0, 0, 0, 0, 0, 0, 0, 0, 0, 0, 0, 0}, 
{0, 0, 0, 0, 0, 0, 0, 0, 0, 0, 0, 1, 0, 0, 0, 0, 0, 0, 0, 0}, 
{0, 0, 0, 0, 0, 0, 0, 0, 0, 0, 0, 0, 0, 0, 0, 0, 0, 0, 0, 0}, 
{0, 0, 0, 0, 0, 0, 0, 0, 0, 0, 0, 0, 0, 0, 0, 0, 0, 0, 0, 1}, 
{0, 0, 0, 0, 0, 0, 0, 0, 0, 0, 0, 0, 0, 0, 0, 0, 0, 0, 0, 0}, 
{0, 0, 0, 0, 0, 0, 0, 0, 0, 0, 0, 0, 0, 0, 0, 0, 0, 0, 0, 0}, 
{0, 0, 0, 0, 0, 0, 0, 0, 0, 0, 0, 0, 0, 0, 0, 0, 1, 0, 0, 0} }
{{0, 0, 0, 0, 0, 0, 0, 0, 0, 0, -0, -0, -1, -0, -0, -0, -0, -0, -0, -0}, 
{0, 0, 0, 0, 0, 0, 0, 0, 0, 0, -0, -0, -0, -0, -0, -0, -0, -0, -0, -0}, 
{-0, 0, 0, 0, 0, 0, 0, 0, 0, 0, 1, -0, -0, -0, -0, -0, -0, -0, -0, -0}, 
{0, 0, 0, 0, 0, 0, 0, 0, 0, 0, -0, -0, -0, -0, -0, -0, -0, -0, -0, -0}, 
{0, 0, 0, 0, 0, 0, 0, 0, 0, 0, -0, -0, -0, -0, -0, -0, -0, -0, -0, -0}, 
{0, 0, 0, 0, 0, 0, 0, -0, 0, 0, -0, -0, -0, -0, -0, -0, -0, 1, -0, -0}, 
{0, 0, 0, 0, 0, 0, 0, 0, 0, 0, -0, -0, -0, -0, -0, -0, -0, -0, -0, -0}, 
{0, 0, 0, 0, 0, 0, 0, 0, 0, 0, -0, -0, -0, -0, -0, -1, -0, -0, -0, -0}, 
{0, 0, 0, 0, 0, 0, 0, 0, 0, 0, -0, -0, -0, -0, -0, -0, -0, -0, -0, -0}, 
{0, 0, 0, 0, 0, 0, 0, 0, 0, 0, -0, -0, -0, -0, -0, -0, -0, -0, -0, -0}, 
{0, 0, 1, 0, 0, 0, 0, 0, 0, 0, 0, 0, 0, 0, 0, 0, 0, 0, 0, 0}, 
{0, 0, 0, 0, 0, 0, 0, 0, 0, 0, 0, 0, 0, 0, 0, 0, 0, 0, 0, 0}, 
{-1, 0, 0, 0, 0, 0, 0, 0, 0, 0, -0, 0, 0, 0, 0, 0, 0, 0, 0, 0}, 
{0, 0, 0, 0, 0, 0, 0, 0, 0, 0, 0, 0, 0, 0, 0, 0, 0, 0, 0, 0}, 
{0, 0, 0, 0, 0, 0, 0, 0, 0, 0, 0, 0, 0, 0, 0, 0, 0, 0, 0, 0}, 
{0, 0, 0, 0, 0, 0, 0, -1, 0, 0, 0, 0, 0, 0, 0, 0, 0, -0, 0, 0}, 
{0, 0, 0, 0, 0, 0, 0, 0, 0, 0, 0, 0, 0, 0, 0, 0, 0, 0, 0, 0}, 
{0, 0, 0, 0, 0, 1, 0, 0, 0, 0, 0, 0, 0, 0, 0, 0, 0, 0, 0, 0}, 
{0, 0, 0, 0, 0, 0, 0, 0, 0, 0, 0, 0, 0, 0, 0, 0, 0, 0, 0, 0}, 
{0, 0, 0, 0, 0, 0, 0, 0, 0, 0, 0, 0, 0, 0, 0, 0, 0, 0, 0, 0} }
{{0, 0, 0, 0, 0, 0, 0, 0, 0, 0, -0, -0, -0, -0, -0, -0, -0, -0, -0, -0}, 
{0, 0, 0, 0, 0, 0, 0, 0, 0, 0, -0, -0, -1, -0, -0, -0, -0, -0, -0, -0}, 
{0, -0, 0, 0, 0, 0, 0, 0, 0, 0, -0, 1, -0, -0, -0, -0, -0, -0, -0, -0}, 
{0, 0, 0, 0, 0, 0, 0, 0, 0, 0, -0, -0, -0, -0, -0, -0, -0, -0, -0, -0}, 
{0, 0, 0, 0, 0, 0, 0, 0, 0, 0, -0, -0, -0, -0, -0, -0, -0, -0, -0, -0}, 
{0, 0, 0, 0, 0, 0, 0, 0, 0, 0, -0, -0, -0, -0, -0, -0, -0, -0, -0, -0}, 
{0, 0, 0, 0, 0, 0, 0, -0, 0, 0, -0, -0, -0, -0, -0, -0, -0, 1, -0, -0}, 
{0, 0, 0, 0, 0, 0, 0, 0, 0, 0, -0, -0, -0, -0, -0, -0, -1, -0, -0, -0}, 
{0, 0, 0, 0, 0, 0, 0, 0, 0, 0, -0, -0, -0, -0, -0, -0, -0, -0, -0, -0}, 
{0, 0, 0, 0, 0, 0, 0, 0, 0, 0, -0, -0, -0, -0, -0, -0, -0, -0, -0, -0}, 
{0, 0, 0, 0, 0, 0, 0, 0, 0, 0, 0, 0, 0, 0, 0, 0, 0, 0, 0, 0}, 
{0, 0, 1, 0, 0, 0, 0, 0, 0, 0, 0, 0, 0, 0, 0, 0, 0, 0, 0, 0}, 
{0, -1, 0, 0, 0, 0, 0, 0, 0, 0, 0, -0, 0, 0, 0, 0, 0, 0, 0, 0}, 
{0, 0, 0, 0, 0, 0, 0, 0, 0, 0, 0, 0, 0, 0, 0, 0, 0, 0, 0, 0}, 
{0, 0, 0, 0, 0, 0, 0, 0, 0, 0, 0, 0, 0, 0, 0, 0, 0, 0, 0, 0}, 
{0, 0, 0, 0, 0, 0, 0, 0, 0, 0, 0, 0, 0, 0, 0, 0, 0, 0, 0, 0}, 
{0, 0, 0, 0, 0, 0, 0, -1, 0, 0, 0, 0, 0, 0, 0, 0, 0, -0, 0, 0}, 
{0, 0, 0, 0, 0, 0, 1, 0, 0, 0, 0, 0, 0, 0, 0, 0, 0, 0, 0, 0}, 
{0, 0, 0, 0, 0, 0, 0, 0, 0, 0, 0, 0, 0, 0, 0, 0, 0, 0, 0, 0}, 
{0, 0, 0, 0, 0, 0, 0, 0, 0, 0, 0, 0, 0, 0, 0, 0, 0, 0, 0, 0} }
{{0, 0, 0, 0, 0, 0, 0, 0, 0, 0, -0, -0, -0, -0, -0, -0, -0, -0, -0, -0}, 
{0, 0, 0, 0, 0, 0, 0, 0, 0, 0, -0, -0, -0, -0, -0, -0, -0, -0, -0, -0}, 
{0, 0, 1, 0, 0, 0, 0, 0, 0, 0, -0, -0, -0, -0, -0, -0, -0, -0, -0, -0}, 
{0, 0, 0, 0, 0, 0, 0, 0, 0, 0, -0, -0, -0, -0, -0, -0, -0, -0, -0, -0}, 
{0, 0, 0, 0, 0, 0, 0, 0, 0, 0, -0, -0, -0, -0, -0, -0, -0, -0, -0, -0}, 
{0, 0, 0, 0, 0, 0, 0, 0, 0, 0, -0, -0, -0, -0, -0, -0, -0, -0, -0, -0}, 
{0, 0, 0, 0, 0, 0, 0, 0, 0, 0, -0, -0, -0, -0, -0, -0, -0, -0, -0, -0}, 
{0, 0, 0, 0, 0, 0, 0, -1, 0, 0, -0, -0, -0, -0, -0, -0, -0, -0, -0, -0}, 
{0, 0, 0, 0, 0, 0, 0, 0, 0, 0, -0, -0, -0, -0, -0, -0, -0, -0, -0, -0}, 
{0, 0, 0, 0, 0, 0, 0, 0, 0, 0, -0, -0, -0, -0, -0, -0, -0, -0, -0, -0}, 
{0, 0, 0, 0, 0, 0, 0, 0, 0, 0, 0, 0, 0, 0, 0, 0, 0, 0, 0, 0}, 
{0, 0, 0, 0, 0, 0, 0, 0, 0, 0, 0, 0, 0, 0, 0, 0, 0, 0, 0, 0}, 
{0, 0, 0, 0, 0, 0, 0, 0, 0, 0, 0, 0, 1, 0, 0, 0, 0, 0, 0, 0}, 
{0, 0, 0, 0, 0, 0, 0, 0, 0, 0, 0, 0, 0, 0, 0, 0, 0, 0, 0, 0}, 
{0, 0, 0, 0, 0, 0, 0, 0, 0, 0, 0, 0, 0, 0, 0, 0, 0, 0, 0, 0}, 
{0, 0, 0, 0, 0, 0, 0, 0, 0, 0, 0, 0, 0, 0, 0, 0, 0, 0, 0, 0}, 
{0, 0, 0, 0, 0, 0, 0, 0, 0, 0, 0, 0, 0, 0, 0, 0, 0, 0, 0, 0}, 
{0, 0, 0, 0, 0, 0, 0, 0, 0, 0, 0, 0, 0, 0, 0, 0, 0, -1, 0, 0}, 
{0, 0, 0, 0, 0, 0, 0, 0, 0, 0, 0, 0, 0, 0, 0, 0, 0, 0, 0, 0}, 
{0, 0, 0, 0, 0, 0, 0, 0, 0, 0, 0, 0, 0, 0, 0, 0, 0, 0, 0, 0} }
{{0, 0, 0, 0, 0, 0, 0, 0, 0, 0, -0, -0, -0, -0, -0, -0, -0, -0, -0, -0}, 
{0, 0, 0, 0, 0, 0, 0, 0, 0, 0, -0, -0, -0, -0, -0, -0, -0, -0, -0, -0}, 
{0, 0, 0, 1, 0, 0, 0, 0, 0, 0, -0, -0, -0, -0, -0, -0, -0, -0, -0, -0}, 
{0, 0, 1, 0, 0, 0, 0, 0, 0, 0, -0, -0, -0, -0, -0, -0, -0, -0, -0, -0}, 
{0, 0, 0, 0, 0, 0, 0, 0, 0, 0, -0, -0, -0, -0, -0, -0, -0, -0, -0, -0}, 
{0, 0, 0, 0, 0, 0, 0, 0, 0, 0, -0, -0, -0, -0, -0, -0, -0, -0, -0, -0}, 
{0, 0, 0, 0, 0, 0, 0, 0, 0, 0, -0, -0, -0, -0, -0, -0, -0, -0, -0, -0}, 
{0, 0, 0, 0, 0, 0, 0, 0, 1, 0, -0, -0, -0, -0, -0, -0, -0, -0, -0, -0}, 
{0, 0, 0, 0, 0, 0, 0, 1, 0, 0, -0, -0, -0, -0, -0, -0, -0, -0, -0, -0}, 
{0, 0, 0, 0, 0, 0, 0, 0, 0, 0, -0, -0, -0, -0, -0, -0, -0, -0, -0, -0}, 
{0, 0, 0, 0, 0, 0, 0, 0, 0, 0, 0, 0, 0, 0, 0, 0, 0, 0, 0, 0}, 
{0, 0, 0, 0, 0, 0, 0, 0, 0, 0, 0, 0, 0, 0, 0, 0, 0, 0, 0, 0}, 
{0, 0, 0, 0, 0, 0, 0, 0, 0, 0, 0, 0, 0, 1, 0, 0, 0, 0, 0, 0}, 
{0, 0, 0, 0, 0, 0, 0, 0, 0, 0, 0, 0, 1, 0, 0, 0, 0, 0, 0, 0}, 
{0, 0, 0, 0, 0, 0, 0, 0, 0, 0, 0, 0, 0, 0, 0, 0, 0, 0, 0, 0}, 
{0, 0, 0, 0, 0, 0, 0, 0, 0, 0, 0, 0, 0, 0, 0, 0, 0, 0, 0, 0}, 
{0, 0, 0, 0, 0, 0, 0, 0, 0, 0, 0, 0, 0, 0, 0, 0, 0, 0, 0, 0}, 
{0, 0, 0, 0, 0, 0, 0, 0, 0, 0, 0, 0, 0, 0, 0, 0, 0, 0, 1, 0}, 
{0, 0, 0, 0, 0, 0, 0, 0, 0, 0, 0, 0, 0, 0, 0, 0, 0, 1, 0, 0}, 
{0, 0, 0, 0, 0, 0, 0, 0, 0, 0, 0, 0, 0, 0, 0, 0, 0, 0, 0, 0} }
{{0, 0, 0, 0, 0, 0, 0, 0, 0, 0, -0, -0, -0, -0, -0, -0, -0, -0, -0, -0}, 
{0, 0, 0, 0, 0, 0, 0, 0, 0, 0, -0, -0, -0, -0, -0, -0, -0, -0, -0, -0}, 
{0, 0, 0, 0, 1, 0, 0, 0, 0, 0, -0, -0, -0, -0, -0, -0, -0, -0, -0, -0}, 
{0, 0, 0, 0, 0, 0, 0, 0, 0, 0, -0, -0, -0, -0, -0, -0, -0, -0, -0, -0}, 
{0, 0, 1, 0, 0, 0, 0, 0, 0, 0, -0, -0, -0, -0, -0, -0, -0, -0, -0, -0}, 
{0, 0, 0, 0, 0, 0, 0, 0, 0, 0, -0, -0, -0, -0, -0, -0, -0, -0, -0, -0}, 
{0, 0, 0, 0, 0, 0, 0, 0, 0, 0, -0, -0, -0, -0, -0, -0, -0, -0, -0, -0}, 
{0, 0, 0, 0, 0, 0, 0, 0, 0, 1, -0, -0, -0, -0, -0, -0, -0, -0, -0, -0}, 
{0, 0, 0, 0, 0, 0, 0, 0, 0, 0, -0, -0, -0, -0, -0, -0, -0, -0, -0, -0}, 
{0, 0, 0, 0, 0, 0, 0, 1, 0, 0, -0, -0, -0, -0, -0, -0, -0, -0, -0, -0}, 
{0, 0, 0, 0, 0, 0, 0, 0, 0, 0, 0, 0, 0, 0, 0, 0, 0, 0, 0, 0}, 
{0, 0, 0, 0, 0, 0, 0, 0, 0, 0, 0, 0, 0, 0, 0, 0, 0, 0, 0, 0}, 
{0, 0, 0, 0, 0, 0, 0, 0, 0, 0, 0, 0, 0, 0, 1, 0, 0, 0, 0, 0}, 
{0, 0, 0, 0, 0, 0, 0, 0, 0, 0, 0, 0, 0, 0, 0, 0, 0, 0, 0, 0}, 
{0, 0, 0, 0, 0, 0, 0, 0, 0, 0, 0, 0, 1, 0, 0, 0, 0, 0, 0, 0}, 
{0, 0, 0, 0, 0, 0, 0, 0, 0, 0, 0, 0, 0, 0, 0, 0, 0, 0, 0, 0}, 
{0, 0, 0, 0, 0, 0, 0, 0, 0, 0, 0, 0, 0, 0, 0, 0, 0, 0, 0, 0}, 
{0, 0, 0, 0, 0, 0, 0, 0, 0, 0, 0, 0, 0, 0, 0, 0, 0, 0, 0, 1}, 
{0, 0, 0, 0, 0, 0, 0, 0, 0, 0, 0, 0, 0, 0, 0, 0, 0, 0, 0, 0}, 
{0, 0, 0, 0, 0, 0, 0, 0, 0, 0, 0, 0, 0, 0, 0, 0, 0, 1, 0, 0} }
{{0, 0, 0, 0, 0, 0, 0, 0, 0, 0, -0, -0, -0, -1, -0, -0, -0, -0, -0, -0}, 
{0, 0, 0, 0, 0, 0, 0, 0, 0, 0, -0, -0, -0, -0, -0, -0, -0, -0, -0, -0}, 
{0, 0, 0, 0, 0, 0, 0, 0, 0, 0, -0, -0, -0, -0, -0, -0, -0, -0, -0, -0}, 
{-0, 0, 0, 0, 0, 0, 0, 0, 0, 0, 1, -0, -0, -0, -0, -0, -0, -0, -0, -0}, 
{0, 0, 0, 0, 0, 0, 0, 0, 0, 0, -0, -0, -0, -0, -0, -0, -0, -0, -0, -0}, 
{0, 0, 0, 0, 0, 0, 0, 0, -0, 0, -0, -0, -0, -0, -0, -0, -0, -0, 1, -0}, 
{0, 0, 0, 0, 0, 0, 0, 0, 0, 0, -0, -0, -0, -0, -0, -0, -0, -0, -0, -0}, 
{0, 0, 0, 0, 0, 0, 0, 0, 0, 0, -0, -0, -0, -0, -0, -0, -0, -0, -0, -0}, 
{0, 0, 0, 0, 0, 0, 0, 0, 0, 0, -0, -0, -0, -0, -0, -1, -0, -0, -0, -0}, 
{0, 0, 0, 0, 0, 0, 0, 0, 0, 0, -0, -0, -0, -0, -0, -0, -0, -0, -0, -0}, 
{0, 0, 0, 1, 0, 0, 0, 0, 0, 0, 0, 0, 0, 0, 0, 0, 0, 0, 0, 0}, 
{0, 0, 0, 0, 0, 0, 0, 0, 0, 0, 0, 0, 0, 0, 0, 0, 0, 0, 0, 0}, 
{0, 0, 0, 0, 0, 0, 0, 0, 0, 0, 0, 0, 0, 0, 0, 0, 0, 0, 0, 0}, 
{-1, 0, 0, 0, 0, 0, 0, 0, 0, 0, -0, 0, 0, 0, 0, 0, 0, 0, 0, 0}, 
{0, 0, 0, 0, 0, 0, 0, 0, 0, 0, 0, 0, 0, 0, 0, 0, 0, 0, 0, 0}, 
{0, 0, 0, 0, 0, 0, 0, 0, -1, 0, 0, 0, 0, 0, 0, 0, 0, 0, -0, 0}, 
{0, 0, 0, 0, 0, 0, 0, 0, 0, 0, 0, 0, 0, 0, 0, 0, 0, 0, 0, 0}, 
{0, 0, 0, 0, 0, 0, 0, 0, 0, 0, 0, 0, 0, 0, 0, 0, 0, 0, 0, 0}, 
{0, 0, 0, 0, 0, 1, 0, 0, 0, 0, 0, 0, 0, 0, 0, 0, 0, 0, 0, 0}, 
{0, 0, 0, 0, 0, 0, 0, 0, 0, 0, 0, 0, 0, 0, 0, 0, 0, 0, 0, 0} }
{{0, 0, 0, 0, 0, 0, 0, 0, 0, 0, -0, -0, -0, -0, -0, -0, -0, -0, -0, -0}, 
{0, 0, 0, 0, 0, 0, 0, 0, 0, 0, -0, -0, -0, -1, -0, -0, -0, -0, -0, -0}, 
{0, 0, 0, 0, 0, 0, 0, 0, 0, 0, -0, -0, -0, -0, -0, -0, -0, -0, -0, -0}, 
{0, -0, 0, 0, 0, 0, 0, 0, 0, 0, -0, 1, -0, -0, -0, -0, -0, -0, -0, -0}, 
{0, 0, 0, 0, 0, 0, 0, 0, 0, 0, -0, -0, -0, -0, -0, -0, -0, -0, -0, -0}, 
{0, 0, 0, 0, 0, 0, 0, 0, 0, 0, -0, -0, -0, -0, -0, -0, -0, -0, -0, -0}, 
{0, 0, 0, 0, 0, 0, 0, 0, -0, 0, -0, -0, -0, -0, -0, -0, -0, -0, 1, -0}, 
{0, 0, 0, 0, 0, 0, 0, 0, 0, 0, -0, -0, -0, -0, -0, -0, -0, -0, -0, -0}, 
{0, 0, 0, 0, 0, 0, 0, 0, 0, 0, -0, -0, -0, -0, -0, -0, -1, -0, -0, -0}, 
{0, 0, 0, 0, 0, 0, 0, 0, 0, 0, -0, -0, -0, -0, -0, -0, -0, -0, -0, -0}, 
{0, 0, 0, 0, 0, 0, 0, 0, 0, 0, 0, 0, 0, 0, 0, 0, 0, 0, 0, 0}, 
{0, 0, 0, 1, 0, 0, 0, 0, 0, 0, 0, 0, 0, 0, 0, 0, 0, 0, 0, 0}, 
{0, 0, 0, 0, 0, 0, 0, 0, 0, 0, 0, 0, 0, 0, 0, 0, 0, 0, 0, 0}, 
{0, -1, 0, 0, 0, 0, 0, 0, 0, 0, 0, -0, 0, 0, 0, 0, 0, 0, 0, 0}, 
{0, 0, 0, 0, 0, 0, 0, 0, 0, 0, 0, 0, 0, 0, 0, 0, 0, 0, 0, 0}, 
{0, 0, 0, 0, 0, 0, 0, 0, 0, 0, 0, 0, 0, 0, 0, 0, 0, 0, 0, 0}, 
{0, 0, 0, 0, 0, 0, 0, 0, -1, 0, 0, 0, 0, 0, 0, 0, 0, 0, -0, 0}, 
{0, 0, 0, 0, 0, 0, 0, 0, 0, 0, 0, 0, 0, 0, 0, 0, 0, 0, 0, 0}, 
{0, 0, 0, 0, 0, 0, 1, 0, 0, 0, 0, 0, 0, 0, 0, 0, 0, 0, 0, 0}, 
{0, 0, 0, 0, 0, 0, 0, 0, 0, 0, 0, 0, 0, 0, 0, 0, 0, 0, 0, 0} }
{{0, 0, 0, 0, 0, 0, 0, 0, 0, 0, -0, -0, -0, -0, -0, -0, -0, -0, -0, -0}, 
{0, 0, 0, 0, 0, 0, 0, 0, 0, 0, -0, -0, -0, -0, -0, -0, -0, -0, -0, -0}, 
{0, 0, 0, 0, 0, 0, 0, 0, 0, 0, -0, -0, -0, -1, -0, -0, -0, -0, -0, -0}, 
{0, 0, -0, 0, 0, 0, 0, 0, 0, 0, -0, -0, 1, -0, -0, -0, -0, -0, -0, -0}, 
{0, 0, 0, 0, 0, 0, 0, 0, 0, 0, -0, -0, -0, -0, -0, -0, -0, -0, -0, -0}, 
{0, 0, 0, 0, 0, 0, 0, 0, 0, 0, -0, -0, -0, -0, -0, -0, -0, -0, -0, -0}, 
{0, 0, 0, 0, 0, 0, 0, 0, 0, 0, -0, -0, -0, -0, -0, -0, -0, -0, -0, -0}, 
{0, 0, 0, 0, 0, 0, 0, 0, -0, 0, -0, -0, -0, -0, -0, -0, -0, -0, 1, -0}, 
{0, 0, 0, 0, 0, 0, 0, 0, 0, 0, -0, -0, -0, -0, -0, -0, -0, -1, -0, -0}, 
{0, 0, 0, 0, 0, 0, 0, 0, 0, 0, -0, -0, -0, -0, -0, -0, -0, -0, -0, -0}, 
{0, 0, 0, 0, 0, 0, 0, 0, 0, 0, 0, 0, 0, 0, 0, 0, 0, 0, 0, 0}, 
{0, 0, 0, 0, 0, 0, 0, 0, 0, 0, 0, 0, 0, 0, 0, 0, 0, 0, 0, 0}, 
{0, 0, 0, 1, 0, 0, 0, 0, 0, 0, 0, 0, 0, 0, 0, 0, 0, 0, 0, 0}, 
{0, 0, -1, 0, 0, 0, 0, 0, 0, 0, 0, 0, -0, 0, 0, 0, 0, 0, 0, 0}, 
{0, 0, 0, 0, 0, 0, 0, 0, 0, 0, 0, 0, 0, 0, 0, 0, 0, 0, 0, 0}, 
{0, 0, 0, 0, 0, 0, 0, 0, 0, 0, 0, 0, 0, 0, 0, 0, 0, 0, 0, 0}, 
{0, 0, 0, 0, 0, 0, 0, 0, 0, 0, 0, 0, 0, 0, 0, 0, 0, 0, 0, 0}, 
{0, 0, 0, 0, 0, 0, 0, 0, -1, 0, 0, 0, 0, 0, 0, 0, 0, 0, -0, 0}, 
{0, 0, 0, 0, 0, 0, 0, 1, 0, 0, 0, 0, 0, 0, 0, 0, 0, 0, 0, 0}, 
{0, 0, 0, 0, 0, 0, 0, 0, 0, 0, 0, 0, 0, 0, 0, 0, 0, 0, 0, 0} }
{{0, 0, 0, 0, 0, 0, 0, 0, 0, 0, -0, -0, -0, -0, -0, -0, -0, -0, -0, -0}, 
{0, 0, 0, 0, 0, 0, 0, 0, 0, 0, -0, -0, -0, -0, -0, -0, -0, -0, -0, -0}, 
{0, 0, 0, 0, 0, 0, 0, 0, 0, 0, -0, -0, -0, -0, -0, -0, -0, -0, -0, -0}, 
{0, 0, 0, 1, 0, 0, 0, 0, 0, 0, -0, -0, -0, -0, -0, -0, -0, -0, -0, -0}, 
{0, 0, 0, 0, 0, 0, 0, 0, 0, 0, -0, -0, -0, -0, -0, -0, -0, -0, -0, -0}, 
{0, 0, 0, 0, 0, 0, 0, 0, 0, 0, -0, -0, -0, -0, -0, -0, -0, -0, -0, -0}, 
{0, 0, 0, 0, 0, 0, 0, 0, 0, 0, -0, -0, -0, -0, -0, -0, -0, -0, -0, -0}, 
{0, 0, 0, 0, 0, 0, 0, 0, 0, 0, -0, -0, -0, -0, -0, -0, -0, -0, -0, -0}, 
{0, 0, 0, 0, 0, 0, 0, 0, -1, 0, -0, -0, -0, -0, -0, -0, -0, -0, -0, -0}, 
{0, 0, 0, 0, 0, 0, 0, 0, 0, 0, -0, -0, -0, -0, -0, -0, -0, -0, -0, -0}, 
{0, 0, 0, 0, 0, 0, 0, 0, 0, 0, 0, 0, 0, 0, 0, 0, 0, 0, 0, 0}, 
{0, 0, 0, 0, 0, 0, 0, 0, 0, 0, 0, 0, 0, 0, 0, 0, 0, 0, 0, 0}, 
{0, 0, 0, 0, 0, 0, 0, 0, 0, 0, 0, 0, 0, 0, 0, 0, 0, 0, 0, 0}, 
{0, 0, 0, 0, 0, 0, 0, 0, 0, 0, 0, 0, 0, 1, 0, 0, 0, 0, 0, 0}, 
{0, 0, 0, 0, 0, 0, 0, 0, 0, 0, 0, 0, 0, 0, 0, 0, 0, 0, 0, 0}, 
{0, 0, 0, 0, 0, 0, 0, 0, 0, 0, 0, 0, 0, 0, 0, 0, 0, 0, 0, 0}, 
{0, 0, 0, 0, 0, 0, 0, 0, 0, 0, 0, 0, 0, 0, 0, 0, 0, 0, 0, 0}, 
{0, 0, 0, 0, 0, 0, 0, 0, 0, 0, 0, 0, 0, 0, 0, 0, 0, 0, 0, 0}, 
{0, 0, 0, 0, 0, 0, 0, 0, 0, 0, 0, 0, 0, 0, 0, 0, 0, 0, -1, 0}, 
{0, 0, 0, 0, 0, 0, 0, 0, 0, 0, 0, 0, 0, 0, 0, 0, 0, 0, 0, 0} }
{{0, 0, 0, 0, 0, 0, 0, 0, 0, 0, -0, -0, -0, -0, -0, -0, -0, -0, -0, -0}, 
{0, 0, 0, 0, 0, 0, 0, 0, 0, 0, -0, -0, -0, -0, -0, -0, -0, -0, -0, -0}, 
{0, 0, 0, 0, 0, 0, 0, 0, 0, 0, -0, -0, -0, -0, -0, -0, -0, -0, -0, -0}, 
{0, 0, 0, 0, 1, 0, 0, 0, 0, 0, -0, -0, -0, -0, -0, -0, -0, -0, -0, -0}, 
{0, 0, 0, 1, 0, 0, 0, 0, 0, 0, -0, -0, -0, -0, -0, -0, -0, -0, -0, -0}, 
{0, 0, 0, 0, 0, 0, 0, 0, 0, 0, -0, -0, -0, -0, -0, -0, -0, -0, -0, -0}, 
{0, 0, 0, 0, 0, 0, 0, 0, 0, 0, -0, -0, -0, -0, -0, -0, -0, -0, -0, -0}, 
{0, 0, 0, 0, 0, 0, 0, 0, 0, 0, -0, -0, -0, -0, -0, -0, -0, -0, -0, -0}, 
{0, 0, 0, 0, 0, 0, 0, 0, 0, 1, -0, -0, -0, -0, -0, -0, -0, -0, -0, -0}, 
{0, 0, 0, 0, 0, 0, 0, 0, 1, 0, -0, -0, -0, -0, -0, -0, -0, -0, -0, -0}, 
{0, 0, 0, 0, 0, 0, 0, 0, 0, 0, 0, 0, 0, 0, 0, 0, 0, 0, 0, 0}, 
{0, 0, 0, 0, 0, 0, 0, 0, 0, 0, 0, 0, 0, 0, 0, 0, 0, 0, 0, 0}, 
{0, 0, 0, 0, 0, 0, 0, 0, 0, 0, 0, 0, 0, 0, 0, 0, 0, 0, 0, 0}, 
{0, 0, 0, 0, 0, 0, 0, 0, 0, 0, 0, 0, 0, 0, 1, 0, 0, 0, 0, 0}, 
{0, 0, 0, 0, 0, 0, 0, 0, 0, 0, 0, 0, 0, 1, 0, 0, 0, 0, 0, 0}, 
{0, 0, 0, 0, 0, 0, 0, 0, 0, 0, 0, 0, 0, 0, 0, 0, 0, 0, 0, 0}, 
{0, 0, 0, 0, 0, 0, 0, 0, 0, 0, 0, 0, 0, 0, 0, 0, 0, 0, 0, 0}, 
{0, 0, 0, 0, 0, 0, 0, 0, 0, 0, 0, 0, 0, 0, 0, 0, 0, 0, 0, 0}, 
{0, 0, 0, 0, 0, 0, 0, 0, 0, 0, 0, 0, 0, 0, 0, 0, 0, 0, 0, 1}, 
{0, 0, 0, 0, 0, 0, 0, 0, 0, 0, 0, 0, 0, 0, 0, 0, 0, 0, 1, 0} }
{{0, 0, 0, 0, 0, 0, 0, 0, 0, 0, -0, -0, -0, -0, -1, -0, -0, -0, -0, -0}, 
{0, 0, 0, 0, 0, 0, 0, 0, 0, 0, -0, -0, -0, -0, -0, -0, -0, -0, -0, -0}, 
{0, 0, 0, 0, 0, 0, 0, 0, 0, 0, -0, -0, -0, -0, -0, -0, -0, -0, -0, -0}, 
{0, 0, 0, 0, 0, 0, 0, 0, 0, 0, -0, -0, -0, -0, -0, -0, -0, -0, -0, -0}, 
{-0, 0, 0, 0, 0, 0, 0, 0, 0, 0, 1, -0, -0, -0, -0, -0, -0, -0, -0, -0}, 
{0, 0, 0, 0, 0, 0, 0, 0, 0, -0, -0, -0, -0, -0, -0, -0, -0, -0, -0, 1}, 
{0, 0, 0, 0, 0, 0, 0, 0, 0, 0, -0, -0, -0, -0, -0, -0, -0, -0, -0, -0}, 
{0, 0, 0, 0, 0, 0, 0, 0, 0, 0, -0, -0, -0, -0, -0, -0, -0, -0, -0, -0}, 
{0, 0, 0, 0, 0, 0, 0, 0, 0, 0, -0, -0, -0, -0, -0, -0, -0, -0, -0, -0}, 
{0, 0, 0, 0, 0, 0, 0, 0, 0, 0, -0, -0, -0, -0, -0, -1, -0, -0, -0, -0}, 
{0, 0, 0, 0, 1, 0, 0, 0, 0, 0, 0, 0, 0, 0, 0, 0, 0, 0, 0, 0}, 
{0, 0, 0, 0, 0, 0, 0, 0, 0, 0, 0, 0, 0, 0, 0, 0, 0, 0, 0, 0}, 
{0, 0, 0, 0, 0, 0, 0, 0, 0, 0, 0, 0, 0, 0, 0, 0, 0, 0, 0, 0}, 
{0, 0, 0, 0, 0, 0, 0, 0, 0, 0, 0, 0, 0, 0, 0, 0, 0, 0, 0, 0}, 
{-1, 0, 0, 0, 0, 0, 0, 0, 0, 0, -0, 0, 0, 0, 0, 0, 0, 0, 0, 0}, 
{0, 0, 0, 0, 0, 0, 0, 0, 0, -1, 0, 0, 0, 0, 0, 0, 0, 0, 0, -0}, 
{0, 0, 0, 0, 0, 0, 0, 0, 0, 0, 0, 0, 0, 0, 0, 0, 0, 0, 0, 0}, 
{0, 0, 0, 0, 0, 0, 0, 0, 0, 0, 0, 0, 0, 0, 0, 0, 0, 0, 0, 0}, 
{0, 0, 0, 0, 0, 0, 0, 0, 0, 0, 0, 0, 0, 0, 0, 0, 0, 0, 0, 0}, 
{0, 0, 0, 0, 0, 1, 0, 0, 0, 0, 0, 0, 0, 0, 0, 0, 0, 0, 0, 0} }
{{0, 0, 0, 0, 0, 0, 0, 0, 0, 0, -0, -0, -0, -0, -0, -0, -0, -0, -0, -0}, 
{0, 0, 0, 0, 0, 0, 0, 0, 0, 0, -0, -0, -0, -0, -1, -0, -0, -0, -0, -0}, 
{0, 0, 0, 0, 0, 0, 0, 0, 0, 0, -0, -0, -0, -0, -0, -0, -0, -0, -0, -0}, 
{0, 0, 0, 0, 0, 0, 0, 0, 0, 0, -0, -0, -0, -0, -0, -0, -0, -0, -0, -0}, 
{0, -0, 0, 0, 0, 0, 0, 0, 0, 0, -0, 1, -0, -0, -0, -0, -0, -0, -0, -0}, 
{0, 0, 0, 0, 0, 0, 0, 0, 0, 0, -0, -0, -0, -0, -0, -0, -0, -0, -0, -0}, 
{0, 0, 0, 0, 0, 0, 0, 0, 0, -0, -0, -0, -0, -0, -0, -0, -0, -0, -0, 1}, 
{0, 0, 0, 0, 0, 0, 0, 0, 0, 0, -0, -0, -0, -0, -0, -0, -0, -0, -0, -0}, 
{0, 0, 0, 0, 0, 0, 0, 0, 0, 0, -0, -0, -0, -0, -0, -0, -0, -0, -0, -0}, 
{0, 0, 0, 0, 0, 0, 0, 0, 0, 0, -0, -0, -0, -0, -0, -0, -1, -0, -0, -0}, 
{0, 0, 0, 0, 0, 0, 0, 0, 0, 0, 0, 0, 0, 0, 0, 0, 0, 0, 0, 0}, 
{0, 0, 0, 0, 1, 0, 0, 0, 0, 0, 0, 0, 0, 0, 0, 0, 0, 0, 0, 0}, 
{0, 0, 0, 0, 0, 0, 0, 0, 0, 0, 0, 0, 0, 0, 0, 0, 0, 0, 0, 0}, 
{0, 0, 0, 0, 0, 0, 0, 0, 0, 0, 0, 0, 0, 0, 0, 0, 0, 0, 0, 0}, 
{0, -1, 0, 0, 0, 0, 0, 0, 0, 0, 0, -0, 0, 0, 0, 0, 0, 0, 0, 0}, 
{0, 0, 0, 0, 0, 0, 0, 0, 0, 0, 0, 0, 0, 0, 0, 0, 0, 0, 0, 0}, 
{0, 0, 0, 0, 0, 0, 0, 0, 0, -1, 0, 0, 0, 0, 0, 0, 0, 0, 0, -0}, 
{0, 0, 0, 0, 0, 0, 0, 0, 0, 0, 0, 0, 0, 0, 0, 0, 0, 0, 0, 0}, 
{0, 0, 0, 0, 0, 0, 0, 0, 0, 0, 0, 0, 0, 0, 0, 0, 0, 0, 0, 0}, 
{0, 0, 0, 0, 0, 0, 1, 0, 0, 0, 0, 0, 0, 0, 0, 0, 0, 0, 0, 0} }
{{0, 0, 0, 0, 0, 0, 0, 0, 0, 0, -0, -0, -0, -0, -0, -0, -0, -0, -0, -0}, 
{0, 0, 0, 0, 0, 0, 0, 0, 0, 0, -0, -0, -0, -0, -0, -0, -0, -0, -0, -0}, 
{0, 0, 0, 0, 0, 0, 0, 0, 0, 0, -0, -0, -0, -0, -1, -0, -0, -0, -0, -0}, 
{0, 0, 0, 0, 0, 0, 0, 0, 0, 0, -0, -0, -0, -0, -0, -0, -0, -0, -0, -0}, 
{0, 0, -0, 0, 0, 0, 0, 0, 0, 0, -0, -0, 1, -0, -0, -0, -0, -0, -0, -0}, 
{0, 0, 0, 0, 0, 0, 0, 0, 0, 0, -0, -0, -0, -0, -0, -0, -0, -0, -0, -0}, 
{0, 0, 0, 0, 0, 0, 0, 0, 0, 0, -0, -0, -0, -0, -0, -0, -0, -0, -0, -0}, 
{0, 0, 0, 0, 0, 0, 0, 0, 0, -0, -0, -0, -0, -0, -0, -0, -0, -0, -0, 1}, 
{0, 0, 0, 0, 0, 0, 0, 0, 0, 0, -0, -0, -0, -0, -0, -0, -0, -0, -0, -0}, 
{0, 0, 0, 0, 0, 0, 0, 0, 0, 0, -0, -0, -0, -0, -0, -0, -0, -1, -0, -0}, 
{0, 0, 0, 0, 0, 0, 0, 0, 0, 0, 0, 0, 0, 0, 0, 0, 0, 0, 0, 0}, 
{0, 0, 0, 0, 0, 0, 0, 0, 0, 0, 0, 0, 0, 0, 0, 0, 0, 0, 0, 0}, 
{0, 0, 0, 0, 1, 0, 0, 0, 0, 0, 0, 0, 0, 0, 0, 0, 0, 0, 0, 0}, 
{0, 0, 0, 0, 0, 0, 0, 0, 0, 0, 0, 0, 0, 0, 0, 0, 0, 0, 0, 0}, 
{0, 0, -1, 0, 0, 0, 0, 0, 0, 0, 0, 0, -0, 0, 0, 0, 0, 0, 0, 0}, 
{0, 0, 0, 0, 0, 0, 0, 0, 0, 0, 0, 0, 0, 0, 0, 0, 0, 0, 0, 0}, 
{0, 0, 0, 0, 0, 0, 0, 0, 0, 0, 0, 0, 0, 0, 0, 0, 0, 0, 0, 0}, 
{0, 0, 0, 0, 0, 0, 0, 0, 0, -1, 0, 0, 0, 0, 0, 0, 0, 0, 0, -0}, 
{0, 0, 0, 0, 0, 0, 0, 0, 0, 0, 0, 0, 0, 0, 0, 0, 0, 0, 0, 0}, 
{0, 0, 0, 0, 0, 0, 0, 1, 0, 0, 0, 0, 0, 0, 0, 0, 0, 0, 0, 0} }
{{0, 0, 0, 0, 0, 0, 0, 0, 0, 0, -0, -0, -0, -0, -0, -0, -0, -0, -0, -0}, 
{0, 0, 0, 0, 0, 0, 0, 0, 0, 0, -0, -0, -0, -0, -0, -0, -0, -0, -0, -0}, 
{0, 0, 0, 0, 0, 0, 0, 0, 0, 0, -0, -0, -0, -0, -0, -0, -0, -0, -0, -0}, 
{0, 0, 0, 0, 0, 0, 0, 0, 0, 0, -0, -0, -0, -0, -1, -0, -0, -0, -0, -0}, 
{0, 0, 0, -0, 0, 0, 0, 0, 0, 0, -0, -0, -0, 1, -0, -0, -0, -0, -0, -0}, 
{0, 0, 0, 0, 0, 0, 0, 0, 0, 0, -0, -0, -0, -0, -0, -0, -0, -0, -0, -0}, 
{0, 0, 0, 0, 0, 0, 0, 0, 0, 0, -0, -0, -0, -0, -0, -0, -0, -0, -0, -0}, 
{0, 0, 0, 0, 0, 0, 0, 0, 0, 0, -0, -0, -0, -0, -0, -0, -0, -0, -0, -0}, 
{0, 0, 0, 0, 0, 0, 0, 0, 0, -0, -0, -0, -0, -0, -0, -0, -0, -0, -0, 1}, 
{0, 0, 0, 0, 0, 0, 0, 0, 0, 0, -0, -0, -0, -0, -0, -0, -0, -0, -1, -0}, 
{0, 0, 0, 0, 0, 0, 0, 0, 0, 0, 0, 0, 0, 0, 0, 0, 0, 0, 0, 0}, 
{0, 0, 0, 0, 0, 0, 0, 0, 0, 0, 0, 0, 0, 0, 0, 0, 0, 0, 0, 0}, 
{0, 0, 0, 0, 0, 0, 0, 0, 0, 0, 0, 0, 0, 0, 0, 0, 0, 0, 0, 0}, 
{0, 0, 0, 0, 1, 0, 0, 0, 0, 0, 0, 0, 0, 0, 0, 0, 0, 0, 0, 0}, 
{0, 0, 0, -1, 0, 0, 0, 0, 0, 0, 0, 0, 0, -0, 0, 0, 0, 0, 0, 0}, 
{0, 0, 0, 0, 0, 0, 0, 0, 0, 0, 0, 0, 0, 0, 0, 0, 0, 0, 0, 0}, 
{0, 0, 0, 0, 0, 0, 0, 0, 0, 0, 0, 0, 0, 0, 0, 0, 0, 0, 0, 0}, 
{0, 0, 0, 0, 0, 0, 0, 0, 0, 0, 0, 0, 0, 0, 0, 0, 0, 0, 0, 0}, 
{0, 0, 0, 0, 0, 0, 0, 0, 0, -1, 0, 0, 0, 0, 0, 0, 0, 0, 0, -0}, 
{0, 0, 0, 0, 0, 0, 0, 0, 1, 0, 0, 0, 0, 0, 0, 0, 0, 0, 0, 0} }
{{0, 0, 0, 0, 0, 0, 0, 0, 0, 0, -0, -0, -0, -0, -0, -0, -0, -0, -0, -0}, 
{0, 0, 0, 0, 0, 0, 0, 0, 0, 0, -0, -0, -0, -0, -0, -0, -0, -0, -0, -0}, 
{0, 0, 0, 0, 0, 0, 0, 0, 0, 0, -0, -0, -0, -0, -0, -0, -0, -0, -0, -0}, 
{0, 0, 0, 0, 0, 0, 0, 0, 0, 0, -0, -0, -0, -0, -0, -0, -0, -0, -0, -0}, 
{0, 0, 0, 0, 1, 0, 0, 0, 0, 0, -0, -0, -0, -0, -0, -0, -0, -0, -0, -0}, 
{0, 0, 0, 0, 0, 0, 0, 0, 0, 0, -0, -0, -0, -0, -0, -0, -0, -0, -0, -0}, 
{0, 0, 0, 0, 0, 0, 0, 0, 0, 0, -0, -0, -0, -0, -0, -0, -0, -0, -0, -0}, 
{0, 0, 0, 0, 0, 0, 0, 0, 0, 0, -0, -0, -0, -0, -0, -0, -0, -0, -0, -0}, 
{0, 0, 0, 0, 0, 0, 0, 0, 0, 0, -0, -0, -0, -0, -0, -0, -0, -0, -0, -0}, 
{0, 0, 0, 0, 0, 0, 0, 0, 0, -1, -0, -0, -0, -0, -0, -0, -0, -0, -0, -0}, 
{0, 0, 0, 0, 0, 0, 0, 0, 0, 0, 0, 0, 0, 0, 0, 0, 0, 0, 0, 0}, 
{0, 0, 0, 0, 0, 0, 0, 0, 0, 0, 0, 0, 0, 0, 0, 0, 0, 0, 0, 0}, 
{0, 0, 0, 0, 0, 0, 0, 0, 0, 0, 0, 0, 0, 0, 0, 0, 0, 0, 0, 0}, 
{0, 0, 0, 0, 0, 0, 0, 0, 0, 0, 0, 0, 0, 0, 0, 0, 0, 0, 0, 0}, 
{0, 0, 0, 0, 0, 0, 0, 0, 0, 0, 0, 0, 0, 0, 1, 0, 0, 0, 0, 0}, 
{0, 0, 0, 0, 0, 0, 0, 0, 0, 0, 0, 0, 0, 0, 0, 0, 0, 0, 0, 0}, 
{0, 0, 0, 0, 0, 0, 0, 0, 0, 0, 0, 0, 0, 0, 0, 0, 0, 0, 0, 0}, 
{0, 0, 0, 0, 0, 0, 0, 0, 0, 0, 0, 0, 0, 0, 0, 0, 0, 0, 0, 0}, 
{0, 0, 0, 0, 0, 0, 0, 0, 0, 0, 0, 0, 0, 0, 0, 0, 0, 0, 0, 0}, 
{0, 0, 0, 0, 0, 0, 0, 0, 0, 0, 0, 0, 0, 0, 0, 0, 0, 0, 0, -1} }
